3,2
3,1
3,3
10,224
10,24
10,226
10,14
10,220
10,110
10,216
10,64
10,2
10,3
11,16
11,22
11,8
9,7
9,2
9,3
8,9
8,16
8,12
55,3
8,11
55,1
54,5
8,6
54,4
54,3
8,2
54,2
8,3
54,1
53,6
53,5
53,4
53,3
53,2
53,1
52,3
52,2
52,1
51,6
51,5
51,4
51,3
51,2
51,1
48,4
48,3
48,2
48,1
47,5
47,4
47,3
47,2
47,1
43,6
43,5
43,4
43,3
43,1
38,4
38,3
38,1
36,5
36,4
36,3
36,1
35,5
35,4
35,3
35,1
24,3
24,1
20,3
20,2
20,1
19,3
19,2
19,1
14,6
12,3
12,2
12,1
11,29
11,28
11,27
11,25
11,24
11,23
11,21
11,19
11,17
11,15
11,14
11,13
11,12
11,11
11,10
11,9
11,7
11,6
11,4
11,3
11,2
11,1
10,297
10,286
10,280
10,265
10,262
18,1
10,249
18,3
10,243
10,241
10,237
14,1
10,235
